5156 5156 
5156 1793 
5156 1956 
5156 3690 
5156 2475 
5156 2335 
5156 5294 
5156 4233 
5156 5290 
5156 7010 
5156 5295 
5156 54518 
5156 5590 
5156 5728 
5156 2064 
3371 3371 
3371 3690 
3371 2335 
3371 1277 
3371 54518 
1793 5156 
1793 1793 
1793 1956 
1793 10188 
1793 3690 
1793 2335 
1793 5294 
1793 4233 
1793 1277 
1793 613 
1793 5290 
1793 7010 
1793 5295 
1793 5728 
1793 2042 
287 287 
287 2138 
2949 2949 
2949 1674 
1674 2949 
1674 1674 
4921 4921 
1956 5156 
1956 1793 
1956 1956 
1956 3690 
1956 2475 
1956 2335 
1956 5294 
1956 4233 
1956 5925 
1956 5290 
1956 1594 
1956 5719 
1956 7010 
1956 5295 
1956 54518 
1956 5590 
1956 5728 
1956 2064 
1956 7157 
2260 2260 
2260 5294 
2260 4233 
2260 5728 
10188 1793 
10188 10188 
10188 4233 
10188 54518 
2045 2045 
2045 2046 
3690 5156 
3690 3371 
3690 1793 
3690 1956 
3690 3690 
3690 2475 
3690 2335 
3690 5294 
3690 4233 
3690 5290 
3690 7010 
3690 5295 
3690 54518 
3690 5590 
3690 2064 
3959 3959 
2475 5156 
2475 1956 
2475 3690 
2475 2475 
2475 2335 
2475 5294 
2475 4233 
2475 5290 
2475 7010 
2475 5295 
2475 54518 
2475 5590 
2475 2064 
2046 2045 
2046 2046 
2046 3710 
2046 2042 
2956 2956 
1829 1829 
1029 1029 
9990 9990 
3417 3417 
2335 5156 
2335 3371 
2335 1793 
2335 1956 
2335 3690 
2335 2475 
2335 2335 
2335 5294 
2335 4233 
2335 1277 
2335 613 
2335 5290 
2335 7010 
2335 5295 
2335 54518 
2335 5590 
2335 2064 
5294 5156 
5294 1793 
5294 1956 
5294 2260 
5294 3690 
5294 2475 
5294 2335 
5294 5294 
5294 4233 
5294 5290 
5294 7010 
5294 5295 
5294 54518 
5294 5590 
5294 5728 
5294 2064 
5294 667 
3133 3133 
4763 4763 
4763 675 
2138 287 
2138 2138 
3710 2046 
3710 3710 
4233 5156 
4233 1793 
4233 1956 
4233 2260 
4233 10188 
4233 3690 
4233 2475 
4233 2335 
4233 5294 
4233 4233 
4233 613 
4233 5290 
4233 7010 
4233 5295 
4233 54518 
4233 5590 
4233 5728 
4233 2064 
4233 2042 
10410 10410 
1292 1292 
5925 1956 
5925 5925 
5925 7157 
5925 5292 
1277 3371 
1277 1793 
1277 2335 
1277 1277 
5286 5286 
5288 5288 
675 4763 
675 675 
613 1793 
613 2335 
613 4233 
613 613 
613 2042 
9173 9173 
4139 4139 
5290 5156 
5290 1793 
5290 1956 
5290 3690 
5290 2475 
5290 2335 
5290 5294 
5290 4233 
5290 5290 
5290 7010 
5290 5295 
5290 54518 
5290 5590 
5290 5728 
5290 2064 
1594 1956 
1594 1594 
1594 5728 
1594 2064 
5591 5591 
5591 5728 
5591 1111 
5591 7157 
5719 1956 
5719 5719 
7010 5156 
7010 1793 
7010 1956 
7010 3690 
7010 2475 
7010 2335 
7010 5294 
7010 4233 
7010 5290 
7010 7010 
7010 5295 
7010 54518 
7010 5590 
7010 5728 
7010 2064 
5295 5156 
5295 1793 
5295 1956 
5295 3690 
5295 2475 
5295 2335 
5295 5294 
5295 4233 
5295 5290 
5295 7010 
5295 5295 
5295 54518 
5295 5590 
5295 5728 
5295 2064 
54518 5156 
54518 3371 
54518 1956 
54518 10188 
54518 3690 
54518 2475 
54518 2335 
54518 5294 
54518 4233 
54518 5290 
54518 7010 
54518 5295 
54518 54518 
54518 5590 
54518 2064 
5590 5156 
5590 1956 
5590 3690 
5590 2475 
5590 2335 
5590 5294 
5590 4233 
5590 5290 
5590 7010 
5590 5295 
5590 54518 
5590 5590 
5590 2064 
5590 7133 
5590 8797 
5728 5156 
5728 1793 
5728 1956 
5728 2260 
5728 5294 
5728 4233 
5728 5290 
5728 1594 
5728 5591 
5728 7010 
5728 5295 
5728 5728 
5728 2064 
2064 5156 
2064 1956 
2064 3690 
2064 2475 
2064 2335 
2064 5294 
2064 4233 
2064 5290 
2064 1594 
2064 7010 
2064 5295 
2064 54518 
2064 5590 
2064 5728 
2064 2064 
2064 667 
1111 5591 
1111 1111 
7157 1956 
7157 5925 
7157 5591 
7157 7157 
667 5294 
667 2064 
667 667 
667 1832 
1832 667 
1832 1832 
3845 3845 
7133 5590 
7133 7133 
7133 8797 
5292 5925 
5292 5292 
5292 5079 
2042 1793 
2042 2046 
2042 4233 
2042 613 
2042 2042 
4920 4920 
5079 5292 
5079 5079 
8797 5590 
8797 7133 
8797 8797 
